4
0   0
500   0
500   500
0   500
16
4
0   0
81.0   0.0
84.47810498328163   57.96841638802723
0.0   48.0
4
0   0
84.47810498328163   9.96841638802723
93.63665672604174   162.61094543402916
0.0   151.0
4
0   0
93.63665672604174   11.610945434029162
109.39298900313628   274.2164833856048
0.0   288.0
4
0   0
109.39298900313628   -13.783516614395182
110.99999999999999   13.0
0.0   13.0
4
0   0
208.0   0.0
194.3171382075564   80.48742230849166
3.478104983281625   57.96841638802723
4
0   0
190.83903322427477   22.51900592046443
165.4239594974643   172.01943960758527
9.15855174276011   152.64252904600193
4
0   0
156.26540775470417   19.376910561583344
117.08704496416249   249.83786815300508
15.756332277094543   262.6055379515757
4
0   0
101.33071268706794   -12.76766979857058
94.60701099686375   26.783516614395182
1.607010996863707   26.783516614395182
4
0   0
183.0   0.0
174.78189887462355   102.72626406720558
-13.682861792443589   80.48742230849166
4
0   0
188.46476066706714   22.238841758713917
176.28298853515588   174.51099340760467
-25.415073726810505   149.50043368712085
4
0   0
201.69806226196638   25.010559720483826
187.547426387203   201.89350815502593
-39.178362790541684   230.46095759142173
4
0   0
226.72578917774467   -28.567449436395805
221.27629830979578   39.55118641296576
-6.723701690204194   39.55118641296576
4
0   0
28.0   0.0
28.0   107.0
-8.21810112537645   102.72626406720558
4
0   0
36.21810112537645   4.273735932794423
36.21810112537645   158.2737359327944
-12.18177213191126   152.27215164889077
4
0   0
48.39987325728771   6.001584283903668
48.39987325728771   169.00158428390367
-14.150635874763395   176.8829484345421
4
0   0
62.550509132051104   -7.881364150638433
62.550509132051104   68.11863584936157
-5.449490867948896   68.11863584936157
