4
0   0
500   0
500   500
0   500
100
4
0   0
46.0   0.0
44.76406076265289   28.089528121525305
0.0   28.0
4
0   0
44.76406076265289   0.08952812152530498
42.08161136299804   61.05428720459014
0.0   64.0
4
0   0
42.08161136299804   -2.945712795409861
39.51341075736034   55.42248278726498
0.0   54.0
4
0   0
39.51341075736034   1.4224827872649826
38.64159263756631   21.236530964402135
0.0   20.0
4
0   0
38.64159263756631   1.2365309644021352
35.70087484520433   68.07102624535614
0.0   67.0
4
0   0
35.70087484520433   1.071026245356137
31.81478775421722   89.39118740415421
0.0   92.0
4
0   0
31.81478775421722   -2.608812595845791
30.22140516345616   33.60442810326913
0.0   33.0
4
0   0
30.22140516345616   0.6044281032691288
27.952344068162038   52.173998450862825
0.0   51.0
4
0   0
27.952344068162038   1.1739984508628254
24.71219214982042   74.81381477680861
0.0   76.0
4
0   0
24.71219214982042   -1.1861852231913872
24.000000000000004   15.0
0.0   15.0
4
0   0
12.999999999999993   0.0
13.168710024520294   28.11833742004904
-1.235939237347111   28.089528121525305
4
0   0
14.404649261867405   0.02880929852373626
14.762937897909673   59.74358197223532
-2.6824493996548497   60.964759083064834
4
0   0
17.445387297564523   -1.2211771108295153
17.807324647180153   59.10171449177628
-2.568200605637699   58.36819558267484
4
0   0
20.37552525281785   0.7335189091014342
20.494110686756933   20.49775789894676
-0.8718181197940282   19.814048177137153
4
0   0
21.36592880655096   0.6837097218096062
21.767280959681187   67.57573524351528
-2.94071779236198   66.834495280954
4
0   0
24.707998752043167   0.7412399625612807
25.219152501341163   85.93353151222712
-3.886087090987111   88.32016115879807
4
0   0
29.105239592328275   -2.3866296465709524
29.340550886419656   36.83191936865853
-1.5933825907610597   36.21324069911492
4
0   0
30.933933477180716   0.6186786695436126
31.248085148102348   52.97729048981631
-2.2690610952941235   51.5695703475937
4
0   0
33.51714624339647   1.4077201422226153
33.93983098542253   71.8551771465651
-3.240151918341617   73.63981632594579
4
0   0
37.17998290376414   -1.7846391793806902
37.287807850179576   16.186185223191387
-0.7121921498204173   16.186185223191387
4
0   0
78.0   0.0
76.98220928093178   28.271964418561865
0.16871002452030126   28.11833742004904
4
0   0
76.81349925641149   0.15362699851282358
74.85703485256997   54.499860438554634
0.3582886360422677   59.71477267371158
4
0   0
74.4987462165277   -5.214912235156945
72.04648210836092   62.90353521392062
0.36193734961562996   60.32289160260579
4
0   0
71.68454475874529   2.5806436113148266
70.98429802421418   22.03194179273413
0.1185854339390815   19.764238989845325
4
0   0
70.8657125902751   2.267702802888806
68.46572744708023   68.93395678052417
0.401352153130226   66.89202552170568
4
0   0
68.06437529395001   2.0419312588184937
65.2621071378826   79.88271337180194
0.5111537492979963   85.19229154966584
4
0   0
64.7509533885846   -5.309578177863898
63.10267630682408   40.475896315484135
0.23531129409138174   39.218549015229485
4
0   0
62.8673650127327   1.2573473002546507
60.93605916587966   54.904731935060965
0.3141516709216319   52.3586118202727
4
0   0
60.62190749495803   2.546120114788266
58.27743237083666   67.67042911815957
0.4226847420260569   70.44745700434248
4
0   0
57.8547476288106   -2.777027886182907
57.107824946415434   17.970824402572077
0.10782494641542684   17.970824402572077
4
0   0
63.0   0.0
61.29620445546536   28.39659240891093
-1.0177907190682163   28.271964418561865
4
0   0
62.313995174533574   0.12462799034906524
59.318051815673954   50.05701730467574
-1.9564644038415224   54.346233440041814
4
0   0
61.274516219515476   -4.289216135366075
56.80206704914903   70.25160337074092
-2.452264108166787   68.11844744907756
4
0   0
59.25433115731582   2.1331559216633593
58.10234165202829   21.332981009789222
-0.7002467345311061   19.451298181419304
4
0   0
58.80258838655939   1.881682828369918
54.81253158748822   68.38262947955587
-2.3999851431948684   66.66625397763536
4
0   0
57.21251673068309   1.7163755019205098
52.91920196702495   73.27162156288983
-2.8022681560673988   77.84078211298345
4
0   0
55.721470123092345   -4.569160550093613
52.63505202555707   46.87114107549439
-1.6482770817605257   45.78547449334803
4
0   0
54.2833291073176   1.0856665821463594
50.996248586984706   55.87034192102749
-1.9313058468530357   53.647384634806315
4
0   0
52.92755443383774   2.222957286221174
49.302215800672144   62.645267838981226
-2.3444751241213737   65.12430900337131
4
0   0
51.64669092479352   -2.4790411643900825
50.253077317604834   20.747852288754984
-0.7469226823951658   20.747852288754984
4
0   0
33.0   0.0
32.886136910904696   28.46577227382181
-1.7037955445346427   28.39659240891093
4
0   0
34.58993245543934   0.06917986491087902
34.4009507479916   47.314606726847074
-2.99594335885962   49.93238931432667
4
0   0
37.39689410685122   -2.6177825874795957
37.08227581807856   76.03678960569104
-4.4724491703664455   74.540819506107
4
0   0
41.554724988445   1.4959700995840421
41.47845287186655   20.563999244194775
-1.1519895052875313   19.199825088125863
4
0   0
42.63044237715408   1.3641741560689127
42.364332760426464   67.89157833797088
-3.9900567990711693   66.50094665118596
4
0   0
46.35438955949763   1.3906316867849284
46.09025691351101   67.42379318344146
-4.293314763658145   71.55524606096932
4
0   0
50.38357167716916   -4.131452877527863
50.1570251836942   52.505170491212596
-3.0864180975352724   51.440301625588006
4
0   0
53.243443281229474   1.0648688656245895
53.019104616233506   57.149535114616924
-3.2870805203328928   54.78467533888113
4
0   0
56.3061851365664   2.3648597757357948
56.0854197990773   57.55619414801242
-3.6253386331655975   60.42231055276005
4
0   0
59.7107584322429   -2.866116404747629
59.60638639281132   23.226893453145067
-1.3936136071886835   23.226893453145067
4
0   0
73.0   0.0
71.22627594178323   28.608452551883566
-0.11386308909530385   28.46577227382181
4
0   0
71.34013903087853   0.1426802780617571
68.71882863958442   42.42188013764394
-0.1889817074477378   47.245426861936195
4
0   0
68.90781034703215   -4.823546724292257
63.589532908676716   80.9551216362788
-0.31461828877266385   78.65457219317064
4
0   0
63.90415119744938   2.3005494431081672
62.7399400909365   21.078147935251224
-0.07627211657845123   19.068029144610733
4
0   0
62.81621220751495   2.0101187906404903
58.70645154948758   68.29658101688844
-0.26610961672761846   66.52740418190197
4
0   0
58.9725611662152   1.7691768349864674
55.27053235405191   61.47931896665335
-0.2641326459866207   66.03316149665653
4
0   0
55.53466500003853   -4.55384253000318
51.676496341201386   57.674684225433964
-0.22654649347495592   56.63662336874046
4
0   0
51.90304283467634   1.0380608566935052
48.36363022935291   58.125360942555005
-0.22433866499596888   56.084666248992335
4
0   0
48.587968894348876   2.0406946935626706
45.42848139253715   53.000170529235334
-0.2207653374890981   55.19133437227663
4
0   0
45.64924673002625   -2.191163843041295
43.89562796056842   26.093009857892696
-0.10437203943158124   26.093009857892696
4
0   0
56.00000000000006   0.0
57.26396722911619   28.726527934458232
-1.7737240582167715   28.608452551883566
4
0   0
59.03769128733296   0.11807538257466632
60.69775803357271   37.84686506984152
-2.6213103912941165   42.279199859582185
4
0   0
63.31906842486683   -4.432334789740665
67.40354392852572   88.39665392977878
-5.318277438355437   85.77866836057106
4
0   0
72.72182136688116   2.6179855692077183
73.53802508404658   21.16807005024097
-1.1642111065128802   18.777598492143056
4
0   0
74.70223619055946   2.3904715580979143
77.62154510356339   68.73840139909566
-4.109760658027369   66.28646222624795
4
0   0
81.73130576159076   2.451939172847716
83.93447418895073   52.52394888557558
-3.7020288121632916   59.710142131666885
4
0   0
87.63650300111402   -7.186193246091307
90.77402701337286   64.12117066888135
-3.858168658837144   62.228526755437144
4
0   0
94.63219567221   1.8926439134442035
97.24701385990414   61.32032999740102
-3.5394126053234345   57.0873000858615
4
0   0
100.78642646522758   4.233029911539518
102.61898594995927   45.88210910998765
-3.159487501811725   50.95947583567266
4
0   0
105.77847345177099   -5.07736672568501
107.24638123054223   28.28417370093399
-1.7536187694578302   28.28417370093399
4
0   0
22.999999999999886   0.0
25.129295135680024   28.77425859027136
1.2639672291161332   28.726527934458232
4
0   0
23.86532790656389   0.04773065581312608
26.524926302390554   35.98824951833629
1.6600667462397496   37.728789687266854
4
0   0
24.864859556150805   -1.7405401689305648
31.937204363578928   93.83168695847657
4.084475503658894   92.82898871951944
4
0   0
27.852728859920035   1.002698238957123
29.218492060631036   19.458957708024144
0.816203717165422   18.550084481033252
4
0   0
28.402288343465614   0.9088732269908917
33.31225086403339   67.25971809952864
2.919308913003931   66.34792984099775
4
0   0
30.392941951029457   0.9117882585308905
33.83883312525319   47.47788520750058
2.2031684273599694   50.07200971272786
4
0   0
31.63566469789322   -2.5941245052272848
37.15472029148128   71.9877078405571
3.1375240122588366   71.30736391497265
4
0   0
34.017196279222446   0.6803439255844523
38.47595601531026   60.933853872716725
2.6148181876941408   59.427686083956814
4
0   0
35.86113782761612   1.5061677887599103
38.70075743282143   39.87940569693984
1.8325594847316893   41.649079198448135
4
0   0
36.868197948089744   -1.7696735015082936
39.46790777877112   33.361540426619
1.4679077787712345   33.361540426619
4
0   0
66.0   0.0
66.75149107753606   28.90350298215507
2.129295135680138   28.77425859027136
4
0   0
64.62219594185592   0.12924439188371295
65.43903051164176   31.545958614416108
2.659598395826663   35.94051886252316
4
0   0
62.7794321158151   -4.394560248107055
65.43319434274355   97.6732177106785
7.072344807428124   95.57222712740713
4
0   0
58.360849535315424   2.1009905832713685
58.83390001617653   20.295239847161923
1.365763200711001   18.45625946906702
4
0   0
57.46813681546553   1.8389803780949023
59.187781991508416   67.97917945666595
4.909962520567774   66.35084487253775
4
0   0
54.27781947094064   1.628334584128197
55.335572491857306   42.311143080923785
3.445891174223732   46.56609694896969
4
0   0
51.889681317633574   -4.254953868045902
53.964629457602484   75.55074382306469
5.519055593588064   74.58183234578439
4
0   0
48.44557386401442   0.9689114772803009
50.03674458368414   62.16778531073129
4.4587597360878135   60.25350994713227
4
0   0
45.577984847596326   1.9142753635990175
46.47146533029047   36.278909313375834
2.839619605205314   38.37323790817993
4
0   0
43.63184572508516   -2.0943285948040966
44.59970983068138   35.131213928127295
2.599709830681377   35.131213928127295
4
0   0
49.00000000000006   0.0
49.00000000000006   29.0
0.751491077536059   28.90350298215507
4
0   0
48.248508922464   0.09649701784492848
48.248508922464   28.09649701784493
0.8168345697858399   31.416714222532395
4
0   0
47.43167435267816   -3.3202172046874665
47.43167435267816   103.67978279531253
2.6537622269284498   102.06777795878556
4
0   0
44.77791212574971   1.6120048365269781
44.77791212574971   19.612004836526978
0.47305048086110446   18.194249263890555
4
0   0
44.304861644888604   1.4177555726364233
44.304861644888604   67.41775557263642
1.7196451760428886   66.14019907857104
4
0   0
42.585216468845715   1.2775564940653794
42.585216468845715   37.27755649406538
1.057753020916664   40.68280849679559
4
0   0
41.52746344792905   -3.405252002730208
41.52746344792905   80.59474799726979
2.0749481399689103   79.8056976911106
4
0   0
39.45251530796014   0.7890503061591971
39.45251530796014   62.7890503061592
1.5911707196697193   61.19887383345099
4
0   0
37.86134458829042   1.5901764727082082
37.86134458829042   32.59017647270821
0.8934804826941445   34.36463394977682
4
0   0
36.96786410559628   -1.7744574770686086
36.96786410559628   37.22554252293139
0.9678641055962203   37.22554252293139
