4
0.00000 0.00000
5.00000 0.00000
5.00000 5.00000
0.00000 5.00000
5
6
0.00000 0.00000
3.00000 0.00000
2.00000 1.00000
1.00000 1.00000
1.00000 2.50000
0.00000 2.50000
4
0.00000 0.00000
3.00000 0.00000
3.00000 3.00000
0.00000 3.00000
6
0.00000 0.00000
2.00000 0.00000
2.00000 2.50000
-1.00000 2.50000
-2.00000 1.50000
0.00000 1.50000
6
0.00000 0.00000
1.00000 0.00000
1.00000 1.50000
2.00000 1.50000
3.00000 2.50000
0.00000 2.50000
6
0.00000 0.00000
2.00000 0.00000
2.00000 2.00000
1.00000 2.00000
1.00000 1.00000
-1.00000 1.00000
