8
-5.000000 -5.000000
5.000000 -5.000000
5.000000 5.000000
3.000000 5.000000
3.000000 4.000000
-3.000000 4.000000
-3.000000 5.000000
-5.000000 5.000000
7
8
-5.000000 -5.000000
-1.000000 -5.000000
-2.000000 -4.000000
-4.000000 -4.000000
-3.000000 -2.000000
-2.000000 -2.000000
-2.000000 -1.000000
-5.000000 -1.000000
4
-4.000000 -4.000000
4.000000 -4.000000
3.000000 -2.000000
-3.000000 -2.000000
4
-1.000000 -5.000000
1.000000 -5.000000
1.000000 -4.000000
-2.000000 -4.000000
8
1.000000 -5.000000
5.000000 -5.000000
5.000000 -1.000000
2.000000 -1.000000
2.000000 -2.000000
3.000000 -2.000000
4.000000 -4.000000
1.000000 -4.000000
4
-2.000000 -2.000000
2.000000 -2.000000
2.000000 4.000000
-2.000000 4.000000
6
-5.000000 -1.000000
-2.000000 -1.000000
-2.000000 4.000000
-3.000000 4.000000
-3.000000 5.000000
-5.000000 5.000000
6
2.000000 -1.000000
5.000000 -1.000000
5.000000 5.000000
3.000000 5.000000
3.000000 4.000000
2.000000 4.000000
