4
0   0
500   0
500   500
0   500
49
4
0   0
5.0   0.0
5.380642479093046   47.580309886630744
0.0   48.0
4
0   0
5.380642479093046   -0.4196901133692563
6.177779200409718   99.22240005121475
0.0   99.0
4
0   0
6.177779200409718   0.22240005121474837
6.368611386693122   24.076423336640318
0.0   24.0
4
0   0
6.368611386693122   0.07642333664031753
7.534071277752895   145.7589097191119
0.0   146.0
4
0   0
7.534071277752895   -0.24109028088810192
7.982467366265677   55.80842078320961
0.0   56.0
4
0   0
7.982467366265677   -0.19157921679038736
8.582179169001682   74.77239612521015
0.0   74.0
4
0   0
8.582179169001682   0.7723961252101503
9.0   53.0
0.0   53.0
4
0   0
100.99999999999999   0.0
100.04464357276822   39.80651780132408
0.38064247909304605   47.580309886630744
4
0   0
99.66400109367518   -7.773792085306667
97.00289814181049   103.10549757572178
0.7971367213166722   99.642090164584
4
0   0
96.20576142049381   3.46340741113778
95.68888320081872   24.99999989759999
0.19083218628340415   23.85402328542557
4
0   0
95.49805101453532   1.1459766121744224
92.09901174787421   142.77261272305353
1.1654598910597729   145.68248638247158
4
0   0
90.93355185681443   -2.9098736594180536
89.56986058700119   53.910595916134014
0.4483960885127818   56.049511064097715
4
0   0
89.12146449848841   -2.1389151479637007
87.08418865672465   82.7475782588595
0.5997118027360049   74.96397534200054
4
0   0
86.48447685398865   7.7836029168589675
85.41782083099831   52.22760387478985
0.417820830998318   52.22760387478985
4
0   0
123.00000000000001   0.0
121.24405209166271   30.27496393685031
-0.955356427231763   39.80651780132408
4
0   0
122.19940851889447   -9.531553864473768
114.96996592260544   115.11400814050938
-2.6611029518646916   110.87928966102845
4
0   0
117.63106887447013   4.234718479480932
116.54608436010967   22.94134803741963
-0.5168782196750925   21.53659248646221
4
0   0
117.06296257978477   1.404755550957418
109.13896404144919   138.02542000501958
-3.399039266661106   141.6266361108791
4
0   0
112.53800330811029   -3.601216105859521
109.1874327031588   54.16724260020072
-1.3636912698132448   56.82046957555207
4
0   0
110.55112397297205   -2.6532269753513447
104.91552656225693   94.5122456231851
-2.0372758417637584   84.8864934068232
4
0   0
106.95280240402069   9.625752216361889
104.93334397700967   44.44400095793088
-1.066656022990344   44.44400095793088
4
0   0
73.0   0.0
70.83406099466737   24.612943242415945
-1.7559479083373049   30.27496393685031
4
0   0
72.59000890300467   -5.662020694434364
60.90708510569607   127.0984770022546
-7.229442596289033   124.64556200498315
4
0   0
68.1365277019851   2.4529149972714492
66.63468884557827   19.519265638257963
-1.0849845143604568   18.706629557938697
4
0   0
67.71967335993872   0.8126360803192654
55.948431626393244   134.57674668879085
-7.9239985383355815   136.62066445406217
4
0   0
63.872430164728826   -2.043917765271317
58.74007648189905   56.278283175975844
-3.3505706049514856   57.768458706060244
4
0   0
62.09064708685054   -1.4901755300844002
52.94499178510108   102.43772562615987
-5.635597410715121   97.16547259853644
4
0   0
58.5805891958162   5.272253027623435
55.98054157298898   34.81824874156899
-2.019458427011017   34.81824874156899
4
0   0
45.0   0.0
46.20870382390069   20.839721101735748
-2.165939005332632   24.612943242415945
4
0   0
48.37464282923332   -3.773222140680197
56.435830538854646   135.21277285279083
-11.682923797308604   132.76049769668896
4
0   0
68.11875433616325   2.4522751561018765
69.0154507478511   17.91255811623762
-1.5018388564068346   17.066350640986514
4
0   0
70.51728960425794   0.8462074752511057
78.05980156961408   130.88951722277045
-11.77124173354548   133.76411060847158
4
0   0
89.83104330315956   -2.8745933857011323
93.2435181605166   55.961180017006825
-5.132353682829773   58.32220094124716
4
0   0
98.37587184334637   -2.3610209242403357
105.13718575432722   114.21335685129117
-9.145655301749457   103.92790115624427
4
0   0
114.28284105607668   10.285455695046892
115.39995237717278   29.54599571394556
-2.600047622827219   29.54599571394556
4
0   0
105.0   0.0
104.12878708670792   12.811954607236785
1.2087038239006915   20.839721101735748
4
0   0
102.92008326280722   -8.027766494498962
92.71591271481259   142.03356509365796
8.061187709621322   138.98599499347102
4
0   0
84.65472500519127   3.0475701001869027
83.74305789974045   16.454439297992366
0.8966964116878557   15.460282960135743
4
0   0
82.8463614880526   0.9941563378566229
74.21610078546809   127.90975490527575
7.542511965356141   130.04330974751934
4
0   0
66.67358882011195   -2.1335548422435977
62.624308211489165   57.41468940220881
3.41247485735704   58.83577340270796
4
0   0
59.211833354132125   -1.4210840004991496
50.917903624316466   120.5484708497317
6.761313910980846   116.5743777755315
4
0   0
44.15658971333562   3.974093074200198
43.117111321096104   19.260540018898666
1.117111321096104   19.260540018898666
4
0   0
48.0   0.0
48.0   9.0
-0.8712129132920836   12.811954607236785
4
0   0
48.871212913292084   -3.8119546072367854
48.871212913292084   152.18804539276323
-10.204170547994636   150.06133158815692
4
0   0
59.07538346128672   2.126713804606311
59.07538346128672   14.126713804606311
-0.9116671054508174   13.406869197805463
4
0   0
59.98705056673754   0.7198446068008479
59.98705056673754   124.71984460680085
-8.630260702584508   126.91559856741912
4
0   0
68.61731126932204   -2.1957539606182763
68.61731126932204   57.804246039381724
-4.04928060862278   59.548244244452405
4
0   0
72.66659187794482   -1.7439982050706817
72.66659187794482   129.25600179492932
-8.293929729815659   121.96955485023085
4
0   0
80.96052160776048   7.2864469446984685
80.96052160776048   15.286446944698469
-1.0394783922395163   15.286446944698469
