4
0   0
500   0
500   500
0   500
48
4
0   0
37.0   0.0
37.506420958006935   5.275218312572235
0.0   4.0
4
0   0
37.506420958006935   1.2752183125722354
48.058454446507454   111.19223381778603
0.0   111.0
4
0   0
48.058454446507454   0.19223381778603255
52.34544641716694   44.84840017882232
0.0   46.0
4
0   0
52.34544641716694   -1.1515998211776832
59.797924806251196   76.47838339845
0.0   76.0
4
0   0
59.797924806251196   0.4783833984500063
65.01385845043187   54.81102552533196
0.0   50.0
4
0   0
65.01385845043187   4.8110255253319565
75.38786799771094   112.87362497615567
0.0   118.0
4
0   0
75.38786799771094   -5.126375023844332
81.11093195743308   54.488874556594624
0.0   48.0
4
0   0
81.11093195743308   6.488874556594624
85.0   47.0
0.0   47.0
4
0   0
160.0   0.0
158.4881830522239   10.646598223775612
0.5064209580069345   5.275218312572235
4
0   0
157.98176209421695   5.371379911203377
143.0610167373821   110.44705143820931
10.55203348850052   109.9170155052138
4
0   0
132.50898324888158   0.5300359329955171
126.62525746951823   41.96472452006141
4.286991970659486   44.656166361036284
4
0   0
122.33826549885875   -2.691441840974875
110.8152030849986   78.45688501719502
7.452478389084256   77.62998321962769
4
0   0
103.36272469591435   0.8269017975673307
94.82331520372401   60.963588362288164
5.215933644180673   54.33264212688195
4
0   0
89.60738155954333   6.630946235406213
75.83618961367516   103.61117120630877
10.374009547279073   108.06259945082371
4
0   0
65.46218006639609   -4.451428244514943
55.795884573084834   63.621075229507994
5.72306395972214   59.615249580438956
4
0   0
50.072820613362694   4.005825649069038
44.88906804256693   40.511125443405376
3.889068042566919   40.511125443405376
4
0   0
60.0   0.0
58.60404088708228   12.690537390160799
-1.5118169477761114   10.646598223775612
4
0   0
60.11585783485839   2.0439391663851865
48.754350233130566   105.33037190936581
-14.920745356834857   105.07567152700594
4
0   0
63.67509558996542   0.25470038235987147
59.303048882128564   40.00057954451307
-5.8837257793633455   41.43468858706589
4
0   0
65.18677466149191   -1.4341090425528193
56.043248358932374   81.68885734435221
-11.523062413860146   81.1483268581699
4
0   0
67.56631077279252   0.5405304861823197
60.44916659480512   65.24184119515849
-8.539409492190345   60.13668656472083
4
0   0
68.98857608699547   5.105154630437653
59.42986223481583   92.00255328661603
-13.771191945868168   96.98022497090255
4
0   0
73.201054180684   -4.97767168428652
64.51275923168996   74.00682785202304
-9.666295493311253   68.07250347402294
4
0   0
74.17905472500121   5.934324378000099
70.81624742920422   36.50529979433634
-5.183752570795761   36.50529979433634
4
0   0
99.0   0.0
100.2918337879031   16.147922348788704
-1.3959591129177227   12.690537390160799
4
0   0
101.68779290082082   3.4573849586279053
109.71286052136841   103.77073021547301
-11.361507601727823   103.28643274298062
4
0   0
121.07436812309624   0.4842974724923863
123.98937854981563   36.921927806484845
-4.372046707836859   39.7458791621532
4
0   0
128.36142525765248   -2.823951355668356
135.32964150445483   84.27875172936115
-9.143526302559536   83.12296638690503
4
0   0
144.47316780701436   1.155785342456113
150.48984320162327   76.36422777506738
-7.117144177987399   64.70131070897617
4
0   0
157.60698737961067   11.662917066091211
162.68871986738324   75.1845731632481
-9.558713852179636   86.89739865617838
4
0   0
172.24743371956288   -11.712825492930278
180.71540339127984   94.13679540353144
-8.688294948994042   78.98449953630956
4
0   0
189.40369834027388   15.15229586722188
190.63719270420302   30.57097541633624
-3.3628072957969835   30.57097541633624
4
0   0
45.00000000000006   0.0
47.943859140991776   17.73409121079372
1.2918337879031014   16.147922348788704
4
0   0
46.652025353088675   1.5861688620050174
63.077291311162696   100.53355415160755
8.025067620547588   100.31334525684511
4
0   0
55.05222369061511   0.2202088947624503
60.852727108206466   35.16300056699974
2.915010426719391   36.43763033399246
4
0   0
57.937716681487075   -1.2746297669927174
72.69563995360545   87.62852247468393
6.968216246802342   87.1027030850295
4
0   0
65.72742370680311   0.5258193896544299
79.02153077543193   80.61080173079216
6.01667539460891   75.20844243261126
4
0   0
73.00485538082302   5.402359298180897
81.78681171513466   58.30571070969626
5.08173248777257   63.52165609715689
4
0   0
76.70507922736209   -5.215945387460636
96.30848527774117   112.87686214494369
8.467969671716958   105.84962089646172
4
0   0
87.84051560602421   7.027241248481971
89.23349436392914   15.418679549114358
1.2334943639291396   15.418679549114358
4
0   0
98.99999999999994   0.0
98.99999999999994   21.0
2.9438591409917194   17.73409121079372
4
0   0
96.05614085900822   3.2659087892062786
96.05614085900822   99.26590878920628
16.42526595807402   98.94738528960254
4
0   0
79.6308749009342   0.31852349960374227
79.6308749009342   33.31852349960374
5.800503417591358   34.94279167223729
4
0   0
73.83037148334284   -1.624268172633549
73.83037148334284   89.37573182736645
14.757923272118376   88.90315224167665
4
0   0
59.07244821122447   0.4725795856898003
59.07244821122447   83.4725795856898
13.294107068628819   80.08498234113773
4
0   0
45.77834114259565   3.387597244552069
45.77834114259565   50.38759724455207
8.781956334311644   52.90335141151536
4
0   0
36.996384808284006   -2.5157541669632906
36.996384808284006   119.48424583303671
19.60340605037908   118.09280753240432
4
0   0
17.392978757904928   1.3914383006323874
17.392978757904928   8.391438300632387
1.3929787579049275   8.391438300632387
