4
0   0
500   0
500   500
0   500
12
4
0   0
12.0   0.0
63.761898987449214   208.71733462681138
0.0   223.0
4
0   0
63.761898987449214   -14.282665373188621
105.61286678360139   154.47123703065074
0.0   187.0
4
0   0
105.61286678360139   -32.52876296934926
136.0   90.0
0.0   90.0
4
0   0
202.0   0.0
212.70529289231158   172.6660143921222
51.761898987449214   208.71733462681138
4
0   0
160.94339390486238   -36.05132023468917
171.17180696370747   128.92308394023237
41.850967796152176   168.75390240383936
4
0   0
129.3208391675553   -39.83081846360699
139.3871332163986   122.52876296934926
30.38713321639861   122.52876296934926
4
0   0
265.0   0.0
269.132023363596   114.7784267665545
10.705292892311576   172.6660143921222
4
0   0
258.4267304712844   -57.887587625567704
263.6399352183969   86.92365534977958
10.22841305884512   164.97440417492155
4
0   0
253.4115221595518   -78.05074882514197
262.0662940488433   162.35958143295625
10.066294048843304   162.35958143295625
4
0   0
21.0   0.0
21.0   111.0
4.132023363595977   114.7784267665545
4
0   0
16.867976636404023   -3.778426766554503
16.867976636404023   141.2215732334455
5.213204747112513   144.81124297534728
4
0   0
11.65477188929151   -3.589669741901787
11.65477188929151   240.4103302580982
8.65477188929151   240.4103302580982
