4
0   0
500   0
500   500
0   500
49
4
0   0
41.0   0.0
39.552837377180666   28.943252456386606
0.0   31.0
4
0   0
39.552837377180666   -2.056747543613394
35.07014028056112   87.59719438877755
0.0   89.0
4
0   0
35.07014028056112   -1.4028056112224476
30.328855023059955   93.42289953880089
0.0   95.0
4
0   0
30.328855023059955   -1.5771004611991088
25.284829102538477   99.30341794923044
0.0   99.0
4
0   0
25.284829102538477   0.3034179492304361
23.45703711113334   36.8592577773332
0.0   37.0
4
0   0
23.45703711113334   -0.1407422226668018
19.825101858292754   72.49796283414491
0.0   70.0
4
0   0
19.825101858292754   2.4979628341449143
16.0   79.0
0.0   79.0
4
0   0
47.0   0.0
49.05274606197264   26.317257204777423
-1.4471626228193344   28.943252456386606
4
0   0
50.499908684791976   -2.625995251609183
57.50434421624783   87.17446027987626
-4.482697096619546   89.65394193239095
4
0   0
61.987041312867376   -2.4794816525146928
69.27662922233513   90.97677359707185
-4.741285257501165   94.82570515002334
4
0   0
74.01791447983629   -3.848931552951484
82.26853613506404   101.92826915509659
-5.044025920521477   100.88051841042954
4
0   0
87.31256205558552   1.0477507446670415
90.0391992521915   36.00463788064121
-1.8277919914051388   36.55583982810276
4
0   0
91.86699124359663   -0.5512019474615499
98.5803462929621   85.51745253158282
-3.6319352528405844   72.63870505681172
4
0   0
102.21228154580268   12.878747474771103
107.17489814170723   76.50203716585509
-3.8251018582927543   76.50203716585509
4
0   0
145.0   0.0
144.35680683448336   18.917446044606866
2.052746061972641   26.317257204777423
4
0   0
142.30406077251072   -7.399811160170557
139.17900912508176   84.51347258774041
7.004435531455854   89.80045553148544
4
0   0
132.1745735936259   -5.286982943745031
129.0325450432652   87.12562147862906
7.289587909467755   93.45625524958655
4
0   0
121.74295713379743   -6.3306337709574905
117.88655929895259   107.09283195977278
8.250621655227746   105.77720070804807
4
0   0
109.63593764372484   1.3156312517247102
108.51371550763582   34.32216466610794
2.726637196605978   34.95688713597417
4
0   0
105.78707831102984   -0.634722469866233
102.42911716984277   98.12884050622449
6.713355049365461   86.06865447904437
4
0   0
95.71576212047731   12.060186027180123
93.96261659590456   63.62328969108398
4.962616595904549   63.62328969108398
4
0   0
68.0   0.0
66.76703084832906   15.41211439588689
-0.6431931655166352   18.917446044606866
4
0   0
67.41022401384569   -3.5053316487199755
59.97866668076543   89.3891350147832
-3.125051647428961   91.91328374791097
4
0   0
63.10371832819439   -2.524148733127774
55.75378465870395   89.35002213550273
-3.1420285503607204   92.41260442237409
4
0   0
58.89581320906467   -3.0625822868713612
49.52568257046744   114.06405069559403
-3.8563978348448416   113.42346573073027
4
0   0
53.38208040531228   0.6405849648637627
50.81773570911642   32.694893667312044
-1.1222221360890217   33.00653341438323
4
0   0
51.93995784520544   -0.31163974707118314
43.54119810217938   104.67285704075493
-3.357961141187076   98.76356297609072
4
0   0
46.899159243366455   5.909294064664209
43.246854475427256   51.56310366390386
-1.7531455245727443   51.56310366390386
4
0   0
59.0   0.0
59.56353203138093   12.250696334368193
-1.2329691516709431   15.41211439588689
4
0   0
60.79650118305187   -3.161418061518697
65.08164758335664   89.99393846684568
-7.431557333080264   92.89446666350317
4
0   0
72.5132049164369   -2.90052819665749
76.67186094073247   87.50503754889891
-7.34993366949044   91.8741708686305
4
0   0
84.02179461022291   -4.3691333197315885
89.66526739984118   118.31505775892666
-9.370130638597232   117.1266329824654
4
0   0
99.03539803843842   1.188424776461261
100.42680314223043   31.436361815417683
-2.5643446961958603   32.05430870244828
4
0   0
102.99114783842629   -0.6179468870305982
108.52655939720654   119.7170869994954
-8.398759743026062   104.98449678782612
4
0   0
116.9253191402326   14.732590211669276
118.3476952320608   45.65380959923965
-3.6523047679391993   45.65380959923965
4
0   0
98.0   0.0
98.30107046211072   7.168344335970243
0.5635320313809302   12.250696334368193
4
0   0
97.73753843072978   -5.08235199839795
101.69986546083214   89.25876776594328
4.285146400304768   93.15535652836436
4
0   0
97.41471906052737   -3.8965887624210893
101.16355085954223   85.36131121412359
4.158656024295567   90.4055657455564
4
0   0
97.00489483524666   -5.044254531432813
102.41826404566353   123.84548857373076
5.643472789618272   122.68419107865824
4
0   0
96.77479125604526   1.1612974950725174
97.97209178384503   29.66845291887614
1.3914051037920103   30.247937038956422
4
0   0
96.58068668005302   -0.5794841200802807
102.17048926756542   132.51105367783293
5.535411558780254   120.33503388652599
4
0   0
96.63507770878516   12.176019791306942
97.4223760918282   30.921219387570375
1.4223760918281982   30.921219387570375
4
0   0
42.0   0.0
42.0   5.0
0.3010704621107152   7.168344335970243
4
0   0
41.698929537889285   -2.168344335970243
41.698929537889285   92.83165566402975
3.962327030102358   94.34111976434123
4
0   0
37.73660250778693   -1.509464100311476
37.73660250778693   87.49053589968852
3.7488317990148516   89.25789997654468
4
0   0
33.987770708772075   -1.767364076856154
33.987770708772075   129.23263592314385
5.4133692104168745   128.88974310516357
4
0   0
28.5744014983552   0.34289281798027105
28.5744014983552   28.34289281798027
1.1973005277997686   28.507155423803624
4
0   0
27.377100970555432   -0.16426260582335317
27.377100970555432   135.83573739417665
5.589802587512395   133.0905377979132
4
0   0
21.787298383043037   2.745199596263433
21.787298383043037   18.745199596263433
0.7872983830430371   18.745199596263433
