1
0
8
805  477
1164  478
1168  843
804  844
803  726
835  724
837  543
805  539
25
0
4
612  354
655  354
653  586
602  588
1
4
700  422
740  384
777  421
737  461
2
6
824  378
893  355
903  375
870  394
883  438
837  452
3
4
977  342
1272  400
1274  452
962  379
4
4
704  543
759  528
774  579
723  594
5
4
814  529
880  514
888  566
824  582
6
4
967  465
1038  451
1041  515
972  520
7
6
1144  495
1151  473
1197  490
1168  579
1132  566
1160  497
8
6
608  667
649  656
660  707
626  714
623  703
615  703
9
4
696  668
728  633
797  705
769  736
10
4
823  708
821  642
881  629
894  698
11
4
928  660
963  651
974  688
939  699
12
4
976  634
948  570
1025  565
1029  635
13
6
1091  634
1102  606
1166  626
1155  666
1108  650
1112  643
14
6
1191  662
1192  594
1265  598
1266  620
1244  616
1239  664
15
8
593  754
628  757
630  771
653  773
651  800
626  798
623  832
587  829
16
4
706  795
715  749
768  759
758  803
17
6
839  806
851  803
844  735
909  739
916  835
840  838
18
4
997  713
1062  682
1099  758
1025  781
19
4
1112  783
1117  708
1187  691
1174  788
20
4
1183  821
1250  752
1281  781
1218  851
21
6
624  887
672  886
681  863
700  864
699  923
624  937
22
8
743  865
776  831
866  920
829  959
816  944
823  935
758  867
750  876
23
8
893  873
925  873
925  897
950  895
953  871
966  871
970  934
897  939
24
6
987  857
1004  819
1228  914
1223  927
1214  924
1196  960
