4
0   0
500   0
500   500
0   500
64
4
0   0
36.0   0.0
36.6033822846436   15.878481174831446
0.0   15.0
4
0   0
36.6033822846436   0.878481174831446
39.152389540126244   67.95761947700632
0.0   66.0
4
0   0
39.152389540126244   1.9576194770063182
43.02628009765283   103.902107832969
0.0   107.0
4
0   0
43.02628009765283   -3.097892167031006
45.931564407735095   73.35695809829173
0.0   74.0
4
0   0
45.931564407735095   -0.6430419017082727
48.41002096017567   64.57949895199124
0.0   67.0
4
0   0
48.41002096017567   -2.4205010480087594
51.48773807198078   78.57205452580968
0.0   83.0
4
0   0
51.48773807198078   -4.427945474190324
52.86027809816738   31.69152889914136
0.0   30.0
4
0   0
52.86027809816738   1.6915288991413604
55.00000000000001   58.0
0.0   58.0
4
0   0
78.0   0.0
76.76056225541092   17.70625349412986
0.603382284643601   15.878481174831446
4
0   0
76.15717997076732   1.8277723192984148
71.34878512940722   70.51912719587109
2.5490072554826426   67.07913830217487
4
0   0
68.79977787392457   3.439988893696224
62.19841853256009   97.74512234176026
3.873890557526586   101.94448835596268
4
0   0
58.324527975033504   -4.199366014202411
52.72755866433391   75.75733842436321
2.9052843100822656   76.45485026532273
4
0   0
49.82227435425165   -0.6975118409595211
45.357948888802795   63.078566236881386
2.4784565524405764   65.22254085369951
4
0   0
42.87949233636222   -2.1439746168181273
37.26574716393145   78.05238498933556
3.077717111805107   80.99255557381844
4
0   0
34.188030052126344   -2.940170584482871
31.386623358415143   37.07992503996297
1.3725400261865985   36.119474373331684
4
0   0
30.014083332228545   0.9604506666312886
26.139721901832623   56.30847110085864
2.1397219018326297   56.30847110085864
4
0   0
39.0   0.0
39.41100100853251   18.68186402420478
-1.2394377445890825   17.70625349412986
4
0   0
40.65043875312159   0.9756105300749205
42.191885437050786   71.04136889049323
-4.808394841360098   68.69135487657269
4
0   0
47.000280278410884   2.3500140139205428
48.935322801447825   90.30649233378155
-6.6013593413644855   94.30513344806404
4
0   0
55.53668214281231   -3.998641114282492
57.36430767166439   79.0752465608125
-5.596969310699592   79.95670443856562
4
0   0
62.961276982363984   -0.881457877753121
64.30809311295084   60.33745714892092
-4.464325465448852   63.77607807784091
4
0   0
68.7724185783997   -3.4386209289199883
70.46844065458659   73.65329162503019
-5.613745172430768   80.19635960615369
4
0   0
76.08218582701735   -6.5430679811234995
77.16287027732747   42.578952487519075
-2.8014066937112005   40.020095624445844
4
0   0
79.96427697103867   2.558856863073231
81.12563856960408   55.34802043422735
-3.874361430395922   55.34802043422735
4
0   0
110.0   0.0
110.59713727624967   21.32633129462999
0.41100100853250865   18.68186402420478
4
0   0
110.18613626771716   2.64446727042521
112.22889484566335   75.60013076850501
1.5414466839291947   70.0657583604183
4
0   0
110.68744816173415   5.5343724080867105
112.77182018350032   79.97623032830766
1.935042523036941   87.956478319861
4
0   0
110.83677766046338   -7.980247991553341
113.34257959713477   81.51267831813905
1.8276255288520815   83.073887675095
4
0   0
111.51495406828269   -1.561209356955942
113.11632024526381   55.63043982094018
1.3468161305868591   61.21891502667404
4
0   0
111.76950411467695   -5.588475205733857
113.81457350011928   67.44971713149198
1.6960220761868925   77.09191255395018
4
0   0
112.11855142393239   -9.642195422458201
113.86500421939627   52.731118701253365
1.080684450310116   49.122020468642575
4
0   0
112.78431976908615   3.6090982326107905
114.1613615985654   52.78916357115412
1.1613615985654064   52.78916357115412
4
0   0
25.0   0.0
25.263019749687942   21.91831247399251
0.5971372762496685   21.32633129462999
4
0   0
24.665882473438273   0.59198117936252
25.548350016125767   74.13094306998877
2.042758577946188   72.9556634980798
4
0   0
23.50559143817958   1.1752795719089733
24.3655394497016   72.83761386540958
2.084372021766171   74.44185792022095
4
0   0
22.28116742793543   -1.6042440548113746
23.370828147905968   89.20081594273512
2.5058019366713893   89.4929263096924
4
0   0
20.86502621123458   -0.29211036695727444
21.54286642562363   56.19457416546402
1.6013661769811165   57.191649177896124
4
0   0
19.941500248642512   -0.9970750124321057
20.81055747313195   71.42436036168453
2.045069385442332   73.03819233722584
4
0   0
18.76548808768962   -1.6138319755413022
19.540166626991947   62.94271296632047
1.746452795463881   62.373314123711566
4
0   0
17.793713831528066   0.5693988426089049
18.377041829479253   49.18006533854333
1.3770418294792535   49.18006533854333
4
0   0
126.0   0.0
124.60545826409304   24.902530998338236
0.26301974968794184   21.91831247399251
4
0   0
124.3424385144051   2.9842185243457244
120.05768228461602   79.49772262772268
0.8824675426874933   73.53896189062625
4
0   0
119.17521474192853   5.958760737096426
115.95989761958958   63.375137921719755
0.8599480115220217   71.6623342935006
4
0   0
115.09994960806756   -8.287196371780851
109.63588349003697   89.28541287876556
1.0896607199705386   90.8050599975465
4
0   0
108.54622277006644   -1.519647118780938
105.59162680003897   51.240995203138766
0.6778402143890503   56.48668453242129
4
0   0
104.91378658564992   -5.245689329282527
101.04688401608786   63.806142270039174
0.8690572244894383   72.42143537411664
4
0   0
100.17782679159842   -8.615293104077466
95.90972186338911   67.60086632823254
0.7746785393023288   64.55654494186177
4
0   0
95.13504332408678   3.0443213863707683
92.58332799795119   48.610666495934424
0.5833279979511872   48.610666495934424
4
0   0
74.0   0.0
73.83975107584507   26.70815402582028
-1.3945417359069552   24.902530998338236
4
0   0
75.23429281175203   1.8056230274820457
74.76233139900796   80.46585848481682
-4.284756229789082   76.51350410337696
4
0   0
79.04708762879704   3.9523543814398607
78.76171757096552   51.5140306867054
-3.215317122338945   57.41637718462333
4
0   0
81.97703469330446   -5.902346497917932
81.36347847255934   96.35702362627813
-5.464066118030587   97.5726092505464
4
0   0
86.82754459058992   -1.2155856242682717
86.53053276153224   48.28638588534176
-2.9545959700274693   52.760642321919704
4
0   0
89.48512873155971   -4.474256436577946
89.09193896557645   61.057371227299825
-3.8669025695620576   69.0518315993217
4
0   0
92.9588415351385   -7.9944603720218765
92.43501081808915   79.31065913619153
-4.268104928209311   76.21615943231001
4
0   0
96.70311574629847   3.0944997038815245
96.4482846738644   45.566345109563656
-2.551715326135593   45.566345109563656
4
0   0
12.0   0.0
12.0   27.0
-0.16024892415492786   26.70815402582028
4
0   0
12.160248924154928   0.2918459741797186
12.160248924154928   79.29184597417972
-0.471961412744065   78.66023545733478
4
0   0
12.632210336898993   0.631610516844944
12.632210336898993   46.631610516844944
-0.28537005783152836   47.561676305265536
4
0   0
12.917580394730521   -0.9300657884205918
12.917580394730521   102.06993421157941
-0.6135562207451244   102.25937012419607
4
0   0
13.531136615475646   -0.18943591261665915
13.531136615475646   48.81056408738334
-0.29701182905768064   49.50197150961003
4
0   0
13.828148444533326   -0.691407422226689
13.828148444533326   64.30859257777331
-0.3931897659832657   65.53162766387777
4
0   0
14.221338210516592   -1.2230350861044599
14.221338210516592   87.77696491389554
-0.5238307170493499   87.30511950821341
4
0   0
14.745168927565942   0.4718454056821315
14.745168927565942   42.47184540568213
-0.2548310724340581   42.47184540568213
