4
0   0
500   0
500   500
0   500
9
4
0   0
137.0   0.0
113.35375451687176   119.42548223802143
0.0   126.0
4
0   0
113.35375451687176   -6.574517761978569
82.57347063890549   148.88146141966928
0.0   136.0
4
0   0
82.57347063890549   12.881461419669279
38.0   238.0
0.0   238.0
4
0   0
282.0   0.0
258.71097951954215   103.04876318786656
-23.64624548312824   119.42548223802143
4
0   0
282.35722500267036   -16.376719050154875
234.18154110083057   196.79002387834012
-30.78028387796627   155.45597918164785
4
0   0
264.9618249787968   41.334044696692274
223.4265293610945   225.11853858033072
-44.57347063890549   225.11853858033072
4
0   0
81.0   0.0
81.0   97.0
-23.28902048045785   103.04876318786656
4
0   0
104.28902048045785   -6.048763187866555
104.28902048045785   236.95123681213346
-48.17568390183982   213.166742928495
4
0   0
152.46470438229767   23.784493883638447
152.46470438229767   183.78449388363845
-41.53529561770233   183.78449388363845
