4
0   0
500   0
500   500
0   500
16
4
0   0
103.0   0.0
97.53270659889249   27.89435408728325
0.0   0.0
4
0   0
97.53270659889249   27.89435408728325
49.96080197491327   270.60815318921806
0.0   281.0
4
0   0
49.96080197491327   -10.391846810781942
32.43867620421822   79.00675406011112
0.0   72.0
4
0   0
32.43867620421822   7.0067540601111205
5.0   147.0
0.0   147.0
4
0   0
130.0   0.0
121.8956599963708   64.32015875896204
-5.467293401107511   27.89435408728325
4
0   0
127.36295339747831   36.42580467167879
105.37920888203156   210.89996749268454
-47.57190462397922   242.7137991019348
4
0   0
152.95111350601078   -31.813831609250258
133.56632377079163   122.0337059718542
-17.522125770695048   89.39860087089306
4
0   0
151.08844954148668   32.63510510096114
137.5613237957818   139.99324593988888
-27.43867620421822   139.99324593988888
4
0   0
139.0   0.0
137.7276626617449   106.02811152125904
-8.104340003629204   64.32015875896204
4
0   0
145.8320026653741   41.707952762297
144.6547377965203   139.8133585001166
-21.983744515446745   174.47416282100576
4
0   0
166.63848231196704   -34.660804320889156
163.90130465249018   193.43733396884966
-19.384789735219158   153.84753758110446
4
0   0
183.28609438770934   39.589796387745196
182.4728742542951   107.35814083892774
-13.527125745704893   107.35814083892774
4
0   0
128.0   0.0
128.0   143.0
-1.272337338255113   106.02811152125904
4
0   0
129.2723373382551   36.971888478740965
129.2723373382551   70.97188847874096
-1.177264868853797   98.10540573781961
4
0   0
130.4496022071089   -27.133517259078644
130.4496022071089   256.86648274092136
-2.737177659476856   228.0981382897388
4
0   0
133.18677986658577   28.768344451182543
133.18677986658577   67.76834445118254
-0.8132201334142337   67.76834445118254
