4
0   0
500   0
500   500
0   500
25
4
0   0
50.0   0.0
49.89598751850222   52.006240748889866
0.0   55.0
4
0   0
49.89598751850222   -2.9937592511101343
49.632014719411224   128.99264029438822
0.0   128.0
4
0   0
49.632014719411224   0.9926402943882238
49.30261952665325   165.69023667337314
0.0   165.0
4
0   0
49.30261952665325   0.6902366733731355
49.03317679624311   135.41160187844508
0.0   136.0
4
0   0
49.03317679624311   -0.588398121554917
49.0   16.0
0.0   16.0
4
0   0
117.0   0.0
121.82656386614735   44.69040616803116
-0.10401248149778297   52.006240748889866
4
0   0
121.93057634764514   -7.315834580858706
137.27229597384124   134.737124920957
-0.26397279909099325   131.98639954549836
4
0   0
137.53626877293223   2.750725375458643
155.26178470531895   166.87587289755803
-0.32939519275797124   164.6975963789849
4
0   0
155.59117989807692   2.1782765185731137
169.68557177741667   132.68190503097804
-0.269442730410141   134.72136520507195
4
0   0
169.9550145078268   -2.039460174093904
171.9668232037569   16.588398121554917
-0.03317679624311154   16.588398121554917
4
0   0
97.0   0.0
101.51116231032017   38.88933026138079
4.826563866147353   44.69040616803116
4
0   0
96.68459844417282   -5.801075906650368
114.06470387501213   144.02741918679203
15.341719626196095   142.0529595018157
4
0   0
98.72298424881603   1.974459684976324
117.69481417827365   165.52471769754175
17.725515932386713   164.12514752209938
4
0   0
99.96929824588693   1.3995701754423635
114.80517959647233   129.29509905979933
14.094391879339753   130.50362851240493
4
0   0
100.71078771713258   -1.2085294526056032
103.01180869593009   18.62785829564882
2.0118086959300854   18.62785829564882
4
0   0
211.0   0.0
207.25857200484063   26.724485679709563
4.511162310320174   38.88933026138079
4
0   0
202.74740969452046   -12.164844581671229
179.6140869916344   153.0731747246583
17.380105430839308   149.8284950934424
4
0   0
162.2339815607951   3.244679631215888
139.5548578526766   165.2384204034905
18.971829929457613   163.55025801256542
4
0   0
120.58302792321899   1.688162390925072
103.06221685779065   126.83681285827049
14.835881350585396   127.89552888435696
4
0   0
88.22633550720525   -1.058716026086472
85.30102097879751   19.836387748254424
2.30102097879751   19.836387748254424
4
0   0
25.0   0.0
25.0   25.0
-3.74142799515937   26.724485679709563
4
0   0
28.74142799515937   -1.724485679709563
28.74142799515937   166.27551432029043
-23.133322702886062   165.2380193063295
4
0   0
51.87475069804543   1.0374950139609211
51.87475069804543   163.03749501396092
-22.67912370811848   161.9937407722746
4
0   0
74.55387440616391   1.0437542416863153
74.55387440616391   124.04375424168632
-17.520811065428347   125.14865046734542
4
0   0
92.07468547159226   -1.104896225659104
92.07468547159226   20.895103774340896
-2.925314528407739   20.895103774340896
