4
0   0
500   0
500   500
0   500
9
4
0   0
74.0   0.0
126.51693678962472   217.012135494317
0.0   216.0
4
0   0
126.51693678962472   1.0121354943169933
157.0325641578607   127.1097692473582
0.0   80.0
4
0   0
157.0325641578607   47.1097692473582
195.00000000000003   204.0
0.0   204.0
4
0   0
222.0   0.0
222.43674298788778   218.3714939439031
52.51693678962472   217.012135494317
4
0   0
169.91980619826307   1.3593584495860966
170.2531252475976   168.0188831168497
30.515627368235968   126.09763375304121
4
0   0
139.73749787936163   41.9212493638085
139.9674358421393   156.8902307526418
37.96743584213934   156.8902307526418
4
0   0
204.0   0.0
204.0   220.0
0.4367429878877829   218.3714939439031
4
0   0
203.56325701211222   1.62850605609691
203.56325701211222   227.6285060560969
0.33331904933453416   166.6595246672636
4
0   0
203.22993796277768   60.9689813888333
203.22993796277768   114.9689813888333
0.22993796277768297   114.9689813888333
