4
0   0
500   0
500   500
0   500
15
4
0   0
54.0   0.0
56.31791418678496   96.57975778270651
0.0   103.0
4
0   0
56.31791418678496   -6.420242217293492
59.36700767263427   120.62531969309464
0.0   123.0
4
0   0
59.36700767263427   -2.3746803069053612
60.49161438996288   44.48393291511968
0.0   44.0
4
0   0
60.49161438996288   0.48393291511968073
65.09988998549085   192.49541606211835
0.0   202.0
4
0   0
65.09988998549085   -9.504583937881648
66.0   28.0
0.0   28.0
4
0   0
222.0   0.0
241.94745321601192   69.26199033337464
2.317914186784961   96.57975778270651
4
0   0
239.62953902922698   -27.317767449331868
280.88550245351877   115.93210555168133
3.049093485849312   127.04556191038813
4
0   0
277.83640896766946   -11.113456358706799
295.20993760929537   49.21129586916078
1.1246067173286107   46.85861322202504
4
0   0
294.08533089196675   2.3526826471357367
334.8222291182057   143.8002459326877
4.608275595527964   192.01148314699867
4
0   0
330.21395352267774   -48.211237214310984
354.9001100145092   37.50458393788165
0.9001100145091527   37.50458393788165
4
0   0
224.0   0.0
224.0   46.0
19.947453216011922   69.26199033337464
4
0   0
204.05254678398808   -23.26199033337464
204.05254678398808   136.73800966662537
41.25596342429179   143.2498730010132
4
0   0
162.79658335969629   -6.51186333438784
162.79658335969629   61.48813666561216
17.37352864162591   60.32475222786758
4
0   0
145.42305471807038   1.1633844377445826
145.42305471807038   126.16338443774458
40.736898226238964   141.44756328555195
4
0   0
104.68615649183141   -15.284178847807368
104.68615649183141   85.71582115219263
24.68615649183147   85.71582115219263