4
0   0
500   0
500   500
0   500
18
4
0   0
22.0   0.0
38.159096390067255   46.70259072273771
0.0   48.0
4
0   0
38.159096390067255   -1.2974092772622896
86.17768142257842   137.48462838895497
0.0   143.0
4
0   0
86.17768142257842   -5.515371611045026
118.78058850172958   88.71268353101038
0.0   88.0
4
0   0
118.78058850172958   0.7126835310103843
137.51256970472622   54.85135752811044
0.0   40.0
4
0   0
137.51256970472622   14.85135752811044
170.21314999919778   109.3617051999936
0.0   108.0
4
0   0
170.21314999919778   1.3617051999935939
195.0   73.0
0.0   73.0
4
0   0
304.0   0.0
306.79838497322913   36.82085491091021
16.159096390067255   46.70259072273771
4
0   0
290.6392885831619   -9.881735811827504
300.70865088717625   122.6098734515187
48.01858503251116   138.78203766621726
4
0   0
252.69006585466508   -16.17216421469857
261.184715830569   95.5995459945639
32.602907079151166   94.22805514205541
4
0   0
228.58180875141784   1.3714908525084866
234.36200591322836   77.42671666580509
18.731981202996636   54.13867399710006
4
0   0
215.63002471023174   23.28804266870503
221.15750169868704   96.01800304311689
32.700580294471564   94.51034767188315
4
0   0
188.45692140421548   1.5076553712337386
193.78685000080222   71.6382948000064
24.786850000802218   71.6382948000064
4
0   0
174.0   0.0
174.0   31.0
2.7983849732291333   36.82085491091021
4
0   0
171.20161502677087   -5.820854910910207
171.20161502677087   122.17914508908979
10.069362304014362   132.4916092633462
4
0   0
161.1322527227565   -10.312464174256405
161.1322527227565   112.6875358257436
8.49464997590394   111.77171020926247
4
0   0
152.63760274685256   0.9158256164811291
152.63760274685256   91.91582561648113
5.78019716181052   76.0552258132966
4
0   0
146.85740558504205   15.860599803184527
146.85740558504205   73.86059980318453
5.527476988455305   72.72996037441186
4
0   0
141.32992859658674   1.1306394287726675
141.32992859658674   70.13063942877267
5.32992859658674   70.13063942877267
