1
4
0   0
500   0
500   500
0   500
49
4
0   0
69.0   0.0
66.57337862188841   31.92922865936309
0.0   29.0
4
0   0
66.57337862188841   2.9292286593630905
61.76745808948312   66.16502513838005
0.0   59.0
4
0   0
61.76745808948312   7.165025138380045
52.32507154986168   131.40695329129363
0.0   129.0
4
0   0
52.32507154986168   2.4069532912936324
45.32177859315406   94.55554482692031
0.0   98.0
4
0   0
45.32177859315406   -3.444455173079689
40.97099299940997   53.80272369197405
0.0   52.0
4
0   0
40.97099299940997   1.8027236919740517
36.52752183318644   60.26944956333625
0.0   61.0
4
0   0
36.52752183318644   -0.7305504366637479
30.999999999999996   72.0
0.0   72.0
4
0   0
93.0   0.0
87.47373397856128   35.884844295056695
-2.426621378111591   31.92922865936309
4
0   0
89.90035535667288   3.9556156356936043
79.26928798190148   72.98852066667654
-4.805920532405288   63.235796479016955
4
0   0
84.07520851430678   9.752724187659581
65.91007427127326   127.70814135021475
-9.442386539621438   124.24192815291359
4
0   0
75.35246081089471   3.4662131973011583
62.5089457890732   86.86566139094731
-7.003292956707625   92.14859153562668
4
0   0
69.51223874578082   -5.282930144679369
59.45028589785486   60.0544260106841
-4.350785593744085   57.24717886505374
4
0   0
63.80107149159895   2.807247145630356
55.413872385977   57.26957900031823
-4.4434711662235316   58.4667258713622
4
0   0
59.85734355220053   -1.1971468710439694
48.47247816681356   72.73055043666375
-5.527521833186444   72.73055043666375
4
0   0
49.0   0.0
46.25225685029824   38.163099301413126
-5.526266021438715   35.884844295056695
4
0   0
51.77852287173695   2.2782550063564315
46.49507056588351   75.65953703209891
-10.63106737477139   69.03290503098293
4
0   0
57.1261379406549   6.626632001115979
48.888384156093394   121.039879008915
-18.165134243033506   117.95541716255516
4
0   0
67.0535183991269   3.0844618463598295
61.67862452974846   77.73576558772686
-12.843515021821503   83.39944819364615
4
0   0
74.52213955156996   -5.663682605919291
69.1590924891298   68.8230821501939
-10.061952847925966   65.33735615536347
4
0   0
79.22104533705577   3.4857259948304318
75.6717746373359   52.78115237982871
-8.387199105621946   54.462331854687875
4
0   0
84.05897374295785   -1.6811794748591637
78.61513461461303   73.92769730770772
-11.384865385386973   73.92769730770772
4
0   0
68.0   0.0
66.10513919826269   41.19262612472356
-2.747743149701762   38.163099301413126
4
0   0
68.85288234796445   3.0295268233104338
65.24038640528994   81.56204731623511
-5.283452305853444   73.38128202574248
4
0   0
70.52383871114338   8.18076529049263
65.48115534043879   117.80431682754903
-8.237753784561505   114.41324700779901
4
0   0
73.7189091250003   3.3910698197500153
70.7069203872471   68.86908585786347
-5.37489386937844   74.65130374136703
4
0   0
76.08181425662553   -5.782217883503563
72.23238789484958   77.90096389423394
-5.36304706244016   74.48676475611319
4
0   0
77.59543495728974   3.4141991381207504
75.55767689572122   47.71328743308942
-3.5492706997198695   49.29542638499828
4
0   0
79.10694759544108   -1.5821389519088598
75.55616087165518   75.60887678256688
-5.44383912834482   75.60887678256688
4
0   0
119.0   0.0
113.63200624015025   46.275808274566614
-1.894860801737309   41.19262612472356
4
0   0
115.52686704188756   5.083182149843054
105.53801452523396   91.19397970720205
-3.6124959426745136   78.53252049292468
4
0   0
109.15051046790848   12.661459214277372
97.35650568566132   114.33391423364925
-5.042683370704594   109.6235515370564
4
0   0
102.39918905636591   4.710362696592853
96.22501469097722   57.93600377752992
-3.0119887377531995   65.47801603811345
4
0   0
99.23700342873042   -7.542012260583533
88.18513651138056   87.73270254415638
-3.8494263617759543   83.6831817777375
4
0   0
92.03456287315652   4.04952076641888
87.5735111844956   42.5068629100474
-2.0377580615685247   44.29908829496867
4
0   0
89.61126924606413   -1.7922253849212666
80.4492132762141   77.19101573447574
-3.5507867237859045   77.19101573447574
4
0   0
86.0   0.0
82.0903299874829   50.12397451944925
-5.367993759849753   46.275808274566614
4
0   0
87.45832374733266   3.848166244882634
80.22557833461724   96.57567153610641
-9.988852516653594   86.11079755735899
4
0   0
90.21443085127083   10.46487397874742
82.76097625812929   106.02198414722918
-11.794004782247157   101.67245501937188
4
0   0
94.55498104037645   4.349529127857295
91.32059329070148   45.81603873907426
-6.174174365388694   53.225641080937066
4
0   0
97.49476765609018   -7.409602341862808
89.14152719007848   99.6832241454668
-11.051866917349855   95.27471480473992
4
0   0
100.19339410742833   4.40850934072688
97.6969516339853   36.41418207717561
-4.461051688660916   38.45734214362852
4
0   0
102.15800332264621   -2.043160066452913
95.83794403014997   78.98324111939701
-9.16205596985003   78.98324111939701
4
0   0
16.0   0.0
16.0   51.0
-3.909670012517097   50.12397451944925
4
0   0
19.909670012517097   0.8760254805507515
19.909670012517097   95.87602548055075
-7.232745412715417   92.72750529122378
4
0   0
27.142415425232514   3.148520189326973
27.142415425232514   97.14852018932697
-7.453454593141544   95.55711016848176
4
0   0
34.59587001837406   1.5914100208452169
34.59587001837406   38.59141002084522
-3.2343877496749656   41.46650961121696
4
0   0
37.83025776804902   -2.8750995903717467
37.83025776804902   109.12490040962825
-8.353240466011698   107.0928264873296
4
0   0
46.18349823406072   2.0320739222986504
46.18349823406072   31.03207392229865
-2.4964424734430395   32.00567273644873
4
0   0
48.67994070750376   -0.9735988141500798
48.67994070750376   81.02640118584992
-6.320059292496239   81.02640118584992
