4
0   0
500   0
500   500
0   500
48
4
0   0
49.99999999999999   0.0
47.57250440634513   50.57282486780964
0.0   52.0
4
0   0
47.57250440634513   -1.4271751321903565
44.32137385086823   66.30471144024514
0.0   64.0
4
0   0
44.32137385086823   2.3047114402451427
39.760731878958474   97.31808585503165
0.0   97.0
4
0   0
39.760731878958474   0.3180858550316543
34.961242782863884   100.30744202366901
0.0   98.0
4
0   0
34.961242782863884   2.3074420236690116
29.006631002338462   126.36185411794855
0.0   127.0
4
0   0
29.006631002338462   -0.6381458820514467
25.999999999999993   62.0
0.0   62.0
4
0   0
84.0   0.0
79.67010929509675   48.109896721147095
-2.427495593654861   50.57282486780964
4
0   0
82.09760488875162   -2.4629281466625486
75.41192844789703   71.82236564061095
-3.251130555476905   67.7318865724355
4
0   0
78.66305900337393   4.090479068175455
70.42600803417456   95.6132676148352
-4.560641971909753   95.01337441478651
4
0   0
74.98665000608432   0.5998932000486832
65.62328704861176   104.63725939418799
-4.7994890960945895   99.98935616863736
4
0   0
70.42277614470635   4.647903225550635
59.8063971441917   122.60766989793575
-5.954611780525422   124.05441209427954
4
0   0
65.76100892471712   -1.4467421963437914
59.993368997661534   62.63814588205145
-3.0066310023384695   62.63814588205145
4
0   0
22.0   0.0
23.040353366777936   47.28878939899666
-4.329890704903249   48.109896721147095
4
0   0
27.370244071681185   -0.8211073221504321
29.06348193326849   76.1442500227279
-6.685676440854593   74.2852937872735
4
0   0
35.749158374123084   1.8589562354544
37.729852860043565   91.89052377729368
-8.237050969199373   91.52278854665974
4
0   0
45.96690382924294   0.3677352306339401
48.33140851862336   107.84522111156164
-9.363362957472546   104.03736619413931
4
0   0
57.69477147609591   3.8078549174223326
60.17185203088589   116.4024255896943
-10.616379000514655   117.95976667238511
4
0   0
70.78823103140054   -1.5573410826908116
72.23236007294442   64.08488807839524
-5.767639927055583   64.08488807839524
4
0   0
64.0   0.0
68.34588385449905   45.26962348436503
1.0403533667779357   47.28878939899666
4
0   0
67.30553048772111   -2.0191659146316354
75.25526636693274   80.79058282715627
1.6932378615873063   76.96535734487833
4
0   0
73.56202850534544   3.8252254822779435
81.89921476663889   90.67091570408505
1.9806944859204805   90.03156754183928
4
0   0
79.91852028071841   0.6393481622457671
90.73489630297567   113.30993172742495
2.364504689380425   107.4774858809277
4
0   0
88.37039161359525   5.832445846497251
98.41693063350337   110.4838939705403
2.4770805547899784   112.59457067227197
4
0   0
95.93985007871339   -2.110676701731677
102.44412904154387   65.64222916108605
1.4441290415438743   65.64222916108605
4
0   0
105.0   0.0
102.46042877178922   42.32618713684632
4.34588385449905   45.26962348436503
4
0   0
98.11454491729017   -2.9434363475187055
92.70491764482307   87.21701819359971
7.94973587921163   82.80974874178791
4
0   0
84.75518176561144   4.4072694518118
79.77458656726486   87.41718942425487
8.337186261293454   86.8456902218071
4
0   0
71.43740030597141   0.5714992024477681
64.49887255792626   116.21362833653336
10.81637602225726   112.67058356517919
4
0   0
53.682496535669   3.5430447713541753
47.665649560421144   103.82382769215178
10.046539019908124   104.65144812404304
4
0   0
37.61911054051302   -0.8276204318912619
33.50427896283048   67.75290586281773
6.504278962830483   67.75290586281773
4
0   0
50.0   0.0
50.16298044234691   40.745110586729595
-2.539571228210775   42.32618713684632
4
0   0
52.70255167055768   -1.5810765501167268
53.081683987664746   93.20200272664528
-5.409627272467105   90.16045454111841
4
0   0
58.49131126013185   3.041548185526864
58.81322614956264   83.52027054322633
-4.9805951983465775   83.00991997244307
4
0   0
63.793821347909216   0.5103505707832596
64.2731483446509   120.34209975620351
-6.938527748045146   115.6421291340856
4
0   0
71.21167609269605   4.699970622117917
71.58717018838036   98.57349454319774
-6.016846975247859   100.2807829207976
4
0   0
77.60401716362821   -1.7072883775998662
77.88516842231746   68.58052629470899
-4.114831577682537   68.58052629470899
4
0   0
78.0   0.0
80.22391039591105   38.34328268812267
0.16298044234690678   40.745110586729595
4
0   0
80.06092995356414   -2.401827898606925
85.95575365970484   99.23306358657709
0.3791323171070644   94.78307927676201
4
0   0
85.57662134259778   4.449984309815079
90.02791173190997   81.1963703324393
0.3219148894307864   80.47872235769947
4
0   0
89.70599684247918   0.7176479747398332
96.98403473391659   126.20105989607382
0.47932699674169044   119.83174918542025
4
0   0
96.5047077371749   6.369310710653565
101.4509797836418   91.64986323594479
0.3754940956843029   93.87352392107982
4
0   0
101.0754856879575   -2.2236606851350302
105.28115125868919   70.28781467230885
0.28115125868924906   70.28781467230885
4
0   0
47.0   0.0
47.0   37.0
2.223910395911048   38.34328268812267
4
0   0
44.77608960408895   -1.3432826881226703
44.77608960408895   103.65671731187733
5.8948237061406985   101.63489148518401
4
0   0
38.88126589794825   2.0218258266933162
38.88126589794825   77.02182582669332
4.451290389312192   76.74638602262422
4
0   0
34.42997550863606   0.2754398040690944
34.42997550863606   127.2754398040691
7.278037891437407   125.48341192133398
4
0   0
27.151937617198655   1.7920278827351126
27.151937617198655   84.79202788273511
4.946272046466902   85.28055252529123
4
0   0
22.205665570731753   -0.48852464255611494
22.205665570731753   72.51147535744389
4.205665570731696   72.51147535744389
